5894.03426487,5506.745764
7784.37625193,7570.283197
8256.24492313,8098.656359
8917.19026973,8565.860762
8180.75212907,8039.466472
6682.2857596,6542.750929
6411.812561,6091.989034
6279.21506947,5958.991305
5181.5485128,5027.537192
5772.23312167,5547.430531
9784.3037722,9023.845512
10360.6535105,10124.718119
6918.5159054,6747.431376
7252.24338413,7219.268885
7629.29498107,7536.053163
5962.74050513,5813.185361
7651.67932473,7472.572263
7822.32208107,7419.636067
10043.1663565,9242.357725
6094.941404,5942.894189
6829.95690513,6819.802226
5283.65738633,5023.519204
10381.8083235,9404.462417
10402.1704085,9539.936559
9133.1319136,8536.611392
7258.58011933,6963.127077
9650.95650827,9507.284957
7921.98270387,7936.221637
5747.5491244,5453.779221
6067.9576592,5878.423514
8702.82306,8210.517673
7026.7968414,7018.887187
10131.4470464,10120.433155
