12106.8711214,12019.953122
17766.4628658,17418.568194
10460.6082053,9902.215621
15382.6726372,15155.533664
12607.2664641,12472.327024
10293.8509351,9639.715628
10604.2396526,10591.537362
11317.0198288,10549.357808
11964.4229125,11494.913501
8675.57351367,8282.087914
9217.19085127,9187.338178
10920.7945461,10483.828694
9588.8694992,8695.274119
10751.511964,10056.062549
14048.3737519,13884.068032
7659.1819014,7477.397866
10291.4606435,10593.220339
16006.5248804,15854.770304
14087.6338834,13875.880251
15250.4869927,15005.439472
10047.5788673,9110.372159
8209.798675,8173.577055
14716.6440941,14316.904685
11530.5119001,10725.585885
14396.3362237,14352.865191
15454.3079257,15334.48342
15904.8207238,15748.031496
16576.7593175,16299.254309
8304.70071413,8075.765362
17473.455583,17381.480033
11584.4657028,10727.311736
9796.0819018,8880.40317
