7742.87557333,7548.205586
8301.46840387,8001.745835
9862.25004793,9200.0552
6891.35096893,6449.532409
9551.03157967,8865.05175
8686.85440027,8306.510227
10340.0966307,9836.952512
7855.4396282,7665.772327
10447.8028124,9741.603955
8214.07254533,7849.013522
7793.77894727,7395.455157
7693.33392207,7509.301294
7969.2772952,7837.144145
8856.33242133,8526.470816
8900.39682367,8241.552409
7695.88181333,7412.149186
7849.45326787,7761.509966
9367.4199572,8851.337759
9443.2770556,8582.351564
10091.7670665,9237.875289
10297.7303934,9343.393053
10715.8171209,9942.33446
10515.2046521,9475.080538
9344.09875993,8705.303706
7320.78941627,7129.200557
7396.03235727,7308.484486
6637.25213193,6435.947693
7925.1661374,7569.87945
10437.2874579,9807.046363
10031.9014099,9368.120287
9209.68208767,8807.468733
7104.18801673,7047.893641
8914.49092747,8076.654796
8020.43664093,7828.902886
