15484.8635065,15080.113101
12794.5870684,12135.55414
11769.6812702,11023.23146
11626.8256431,10866.612334
15359.3880124,15133.744467
17593.8102387,17441.353449
16845.9459762,16835.725409
15961.4397627,15688.735488
15455.4256731,15219.541892
16071.5104938,15831.552284
13146.3501301,12513.295376
13840.6777807,13651.411215
15817.3341493,15582.391897
14933.7500069,14929.272571
13987.8002097,13572.664653
17247.4217177,16975.046681
12286.1899067,11864.507326
13728.1259391,13523.564812
15944.8145909,15766.653528
15812.8944031,15606.710886
13087.2850472,12684.721253
12849.3884104,12702.445221
15288.6681712,14995.876134
11288.6228819,10646.792654
14527.4629838,14218.68335
11780.7064858,11412.919425
16043.0296531,15966.151758
15791.9498541,15558.14858
12150.6953402,11168.504816
13731.8910571,13045.037994
16124.329314,16166.841807
12589.308096,11489.300589
15107.3151383,14956.066554
