6893.23004947,6409.135932
7572.6524514,7142.393351
7417.04209833,6957.841804
6845.79511133,6501.566286
7410.74386513,7020.903143
6721.59578067,6316.031236
6416.47732753,6245.20964
6750.7647832,6436.324274
7487.19038933,7127.814677
6535.59556607,6412.685458
6758.93118073,6470.588235
6515.35626433,6321.294141
6467.12553733,6326.929714
6479.73780827,6331.846309
6272.828545,6214.689266
6315.83426987,6246.805611
7389.2680172,7213.587776
6282.32681293,6234.413965
6254.20232453,6249.822448
6385.75031287,6380.695496
6403.0955334,6378.475544
6258.6478968,6248.757349
6592.53661153,6531.484725
7248.8947764,7121.354352
7485.41471673,7292.495359
6416.104586,6392.747138
7365.6164196,7358.597853
7345.34409027,7400.92848
7252.16381187,7022.920258
6605.53208787,6461.276396
7339.16515013,7188.133046
6659.22027167,6429.928394
6350.325484,6287.510717
6443.78655087,6334.033916
