11393.4074029,10901.558923
12494.0263551,12489.462016
10750.5696211,10021.295252
10615.6410521,10120.177103
10793.2925153,10086.237329
10569.3688839,10209.551035
10628.6698192,10183.299389
11667.7981203,11379.477113
11730.1824757,11309.338686
10711.1772284,10288.595092
11389.1549141,10793.890658
12713.9788843,12569.920181
11405.3783971,11158.223611
10610.1571361,10055.051406
10933.9446476,10233.581498
11483.9374197,11289.867344
11664.6441553,11251.441591
11339.0603864,10769.189349
11377.7197868,10880.800827
11435.9261663,10963.71012
11510.9824405,11070.212825
11668.3538378,11485.671625
11705.1022555,11200.716846
11639.1622383,11131.518896
11621.6000109,11044.537096
11038.5324248,10149.965744
10892.5227063,9997.500625
11778.9735484,11178.804986
12648.2908891,12406.178277
10965.7159363,10322.047894
12501.4678741,12398.871703
12630.7543601,12411.567581
11960.3246449,11506.486782
