23 77 011 3
13717 1024 2048 3 10 2 10 5 10 4 10 7 10
13717 1024 2048 1 10 3 10 5 10 4 10 7 10
13717 1024 2048 1 10 2 10 5 10 4 10 7 10
13717 1024 2048 1 10 3 10 2 10 5 10 7 10
13717 1024 2048 1 10 3 10 2 10 4 10 7 10
16612 1024 2048 13 15 12 10 15 15 14 15 17 15 16 15 19 15 18 15 7 10 9 10
13717 1024 2048 12 10 1 10 3 10 2 10 5 10 4 10 6 10 9 10
16612 1024 2048 11 20 10 20 20 20 21 20 22 20 23 20 9 20
16612 1024 2048 11 20 10 20 12 10 20 20 21 20 22 20 23 20 7 10 6 10 8 20
16612 1024 2048 11 20 20 20 21 20 22 20 23 20 9 20 8 20
16612 1024 2048 10 20 20 20 21 20 22 20 23 20 9 20 8 20
26371 4096 2048 9 10 7 10 6 10
16612 1024 2048 15 15 14 15 17 15 16 15 19 15 18 15 6 15
16612 1024 2048 13 15 15 15 17 15 16 15 19 15 18 15 6 15
16612 1024 2048 13 15 14 15 17 15 16 15 19 15 18 15 6 15
16612 1024 2048 13 15 15 15 14 15 17 15 19 15 18 15 6 15
16612 1024 2048 13 15 15 15 14 15 16 15 19 15 18 15 6 15
16612 1024 2048 13 15 15 15 14 15 17 15 16 15 19 15 6 15
16612 1024 2048 13 15 15 15 14 15 17 15 16 15 18 15 6 15
16612 1024 2048 11 20 10 20 21 20 22 20 23 20 9 20 8 20
16612 1024 2048 11 20 10 20 20 20 22 20 23 20 9 20 8 20
16612 1024 2048 11 20 10 20 20 20 21 20 23 20 9 20 8 20
16612 1024 2048 11 20 10 20 20 20 21 20 22 20 9 20 8 20
