4946.65742687,4714.454088
6222.31331047,5941.610176
8098.5916974,7846.829881
5310.95258067,4964.010921
10033.9628259,9536.52489
10136.9885299,9290.874039
9228.0252794,8636.595611
8984.549057,8762.130074
6832.2089054,6552.689581
8206.4308378,7939.945142
6444.65725113,6322.384114
4775.04424633,4618.743702
6323.37852707,6260.849768
10345.6983307,9964.377351
4551.3023588,4511.278195
5570.3509812,5318.248846
7326.0381194,7238.032571
10676.1045415,10091.071924
6907.16238733,6861.919466
6376.0367504,6231.411981
5858.3685058,5475.633431
9081.93175827,8649.498722
7606.4724618,7616.14623
7850.804814,7710.640684
8524.57774007,8375.528229
8797.57826833,8119.579258
5755.1846682,5499.037668
10784.7345066,10331.112144
6322.22510693,6232.471175
6350.7428654,6326.747764
5625.30329993,5179.151561
6998.55538113,6949.489844
8847.493297,8042.993456
6736.2686666,6549.958318
8668.67282073,8262.600466
