11095.2101339,10403.391506
11855.5289531,11553.013892
9097.42859347,8997.863008
16789.5892844,16462.937811
13414.3597972,13055.256373
9921.88161853,9115.354815
7782.33771247,7707.939177
10675.4294253,9941.346058
12194.0877082,11792.800495
14080.7446321,13686.911891
9823.24079547,9253.903991
11834.0910817,11228.700559
10440.8711989,9685.464539
9525.64492207,9199.632015
10458.576601,9981.398303
16959.4592551,16908.314664
15369.4429643,15324.496207
12947.1449654,12946.659762
8322.16625673,8221.22571
14906.082491,14894.805437
15467.9416039,15715.8573
15078.9109559,15183.723049
13162.7037378,12903.225806
11992.5601383,11070.825607
9499.4301894,8762.496515
8107.6095722,7759.005296
12906.7358385,12559.264027
13203.0028712,12420.81729
10292.9369933,9195.825095
13469.4287345,13110.025892
12270.0882241,11863.451671
14952.954625,15184.875864
8972.86454867,8391.821788
16876.9818085,16931.933627
8432.5227554,7995.638743
15131.0602007,14848.361112
