14855.9545638,14712.4400615
15919.2655146,15708.782135
16783.7510624,16439.5949375
14921.4106881,14633.0305935
12962.2944241,12543.3587765
14880.5783668,14714.812802
13268.6626897,12859.699487
15542.4878594,15406.053187500002
14873.7272861,14684.8618155
16350.905524,16117.084382000001
12846.0217503,12701.047072500001
16366.8704691,16226.5223575
14657.5258262,14481.332102
15672.430312,15608.2518255
16499.0707537,16476.164136500003
13870.8761836,13489.8280925
15533.6765933,15442.2518325
13453.1118427,13187.8287965
15971.3664504,16089.1507275
13280.8936952,12920.7426515
16146.2240303,16065.992189
15317.2776256,15116.090563
16498.1306684,16406.555971
14992.0687681,14885.9381815
13595.4974677,13359.645989
16395.4662589,16387.127109
14960.7038857,14956.297079
14748.2810502,14588.899709500001
13798.4353351,13613.791335
14870.7623507,14643.701057
15154.1060975,14984.4929765
16236.6849757,16100.1508765
14891.2421158,14839.1903585
15047.5636418,14881.515092
