10252.3262591,9745.998200499998
8074.6501669,7779.575627
8961.94554397,8555.8745205
7565.73740293,7364.460880500001
10563.6438482,9635.76806
7783.49836443,7503.210581
9008.4246819,8629.468728
8775.64460497,8386.797889000001
8266.51853363,7598.569316
8074.63462823,7584.7368655
10750.5286445,10184.725934999999
8226.01421107,7714.6854615
9762.7398127,9198.0793265
10212.0713112,9398.005879
10079.3858626,9557.5926425
7702.2853776,7513.3721000000005
9069.68892507,8553.333061
9767.88644407,9212.202773500001
9274.9889256,8619.1631895
9467.4234723,8719.441259
8515.04611777,8250.88069
9219.33421983,8531.604867999999
7769.87051263,7522.7823275
9251.0840822,8689.731047000001
9030.1588498,8439.862772
10060.3472069,9249.2812175
9242.37684263,8908.50604
9086.84894867,8527.761611
7701.01395467,7602.620774999999
8428.72811727,7969.3126485
10477.0362821,9414.3190555
8586.20165537,7996.2176125000005
10281.9796971,9580.150479
