7.28669486774
10.830533826
5.74955934521
6.56008198916
9.40868495067
8.29992424736
5.73225361739
10.7987385009
20.4899185656
5.78461474292
16.2111352671
26.0691443284
15.1552967784
21.2665203852
17.7912835265
20.0909358986
16.1737534109
5.70091396178
15.2145846823
16.0410376685
27.7170636427
25.9536781546
5.10260275836
17.4898982106
5.04082592779
7.18006149504
18.5812237479
6.9082194016
4.64133760391
10.7537538345
22.5488674258
10.7083841402
21.1121753419
11.8039827824
16.6201303451
18.828423728
