7598.04373053,7234.700253
8608.20756227,8393.662785
6115.49701693,5820.413779
7996.26855247,7889.546351
8649.8506322,8129.780865
6252.1546268,6019.48123
6079.604583,5836.162988
6139.35810033,5924.80879
10701.914567,9802.720255
7454.64180093,7307.270734
6249.83485467,5997.982497
11081.4777865,10963.40962
7904.25957087,7892.376682
8521.39838747,8333.964694
8985.1191074,8601.47789
9693.74034573,8922.397448
8785.05923293,8667.901186
7411.748087,7304.601899
6878.31070553,6850.594756
9648.81228213,9020.090201
9345.05754673,9010.115903
10984.4202719,11044.23215
7336.16167253,7246.615501
9603.62427973,8911.464599
6264.63485833,6035.003018
5797.36952627,5444.601183
6703.39657847,6379.030387
6086.28493053,5751.333264
6486.71651807,6334.216285
7793.74165733,7364.756294
10536.7516213,9673.284806
7002.30529687,6849.101834
10705.1051785,9829.458888
8449.02697887,7881.632214
6533.05970193,6368.873578
7345.97315487,7145.641159
