14489.0388686,14193.456816
12416.8028405,11833.269236
10517.809573,9522.222487
15661.6860765,15480.475251
17310.0281021,17265.93862
10344.5257482,9605.225243
15920.375487,15560.569517
12782.9042091,12473.882808
13091.4035252,12770.168885
14827.3275979,14687.522949
14336.2459179,14133.776192
11708.4758491,11448.852253
17412.4453582,17589.376017
10310.0753309,9907.120743
11909.166062,11867.323325
13175.5530911,12809.837956
16369.9163743,16515.958545
10781.0347353,10279.341094
14003.8175487,13645.357167
15750.4867392,15604.884329
15536.2126763,15413.664213
15084.8266186,14924.259384
14463.0271571,14375.561545
14156.8921988,13899.506568
12384.0812446,11688.387587
12115.5214245,11428.571429
11015.157864,11270.145385
11987.2613612,11527.04533
15578.043026,15428.527347
