13598.1212469,13170.025023
13177.0009969,12659.830358
13239.7921715,12757.542897
12792.5726817,12582.177346
12693.7661271,12580.990124
12855.9905623,12708.095057
12765.301035,12689.95273
13268.9281057,13080.444735
13014.2900495,12754.28863
12886.5399845,12602.791518
13541.4520493,13000.520021
13184.9368397,12669.453947
13342.5843317,13309.376456
12813.487787,12667.447826
12771.2230114,12600.806452
12875.2807857,12740.476494
13547.9634514,13544.170927
13402.347853,13447.638259
13433.7253825,13161.79132
13386.3936041,13295.66229
13275.6479829,12724.669954
13131.4436784,12665.843387
13079.3599777,12655.024045
13028.959812,12637.432074
12983.1385667,12580.198767
12981.6382903,12683.112436
12927.8823205,12646.221941
13079.5837536,12575.057374
13410.6023522,12831.205492
13340.8654181,12660.631766
13402.3545141,12850.579882
13206.2368422,12608.750473
13397.328829,12629.850652
13177.9269993,12452.137098
13648.8621963,13158.327577
