7845.32787387,7397.444519
7648.3283126,7394.125367
7604.8350994,7336.512489
7678.73569367,7362.291681
7650.3735694,7291.286912
7590.92704747,7354.969201
7634.82608867,7337.491245
7576.65043073,7351.049362
7638.571943,7376.114799
7551.2559982,7471.810895
7587.82178453,7380.890874
7566.32190727,7316.225559
7485.0103464,7386.268256
7667.51689073,7296.365084
7615.9338632,7376.362112
7552.27879613,7538.635507
7690.344085,7554.426207
8103.5385994,7697.690693
7738.94008427,7647.891094
8243.03684993,7750.586138
7476.7902062,7349.256723
7388.0241004,7408.654656
7593.4508242,7451.564829
7650.77455687,7294.671574
7420.86891353,7313.100422
7734.86072153,7364.509758
7955.78276913,7394.212348
7565.2507614,7412.648674
7570.78245413,7385.276444
7436.48184393,7356.875334
7329.42367867,7267.44186
7491.89071393,7315.288954
8687.46658167,7821.387941
