17690.4820321,17469.537494
16601.8693949,16767.270288
15645.3297097,15508.083589
15329.6587334,14993.065707
16009.2810727,15631.105901
12787.7920697,12189.176012
15420.6192615,14998.125234
12721.0596357,12109.469605
16082.2119313,15940.700594
13671.0500621,13331.111481
14328.8557344,14208.581984
14721.0711951,14308.198598
17661.1783565,17408.713061
15136.5353265,15059.106995
12855.6266087,12447.874525
14888.1127403,14483.832422
14513.9498822,13990.416565
12844.8313395,12321.720112
17135.1834926,17035.775128
16546.4696525,16335.865392
13430.0641159,13046.739946
14566.7394407,14450.867052
14993.2226477,14939.309057
14761.6580033,14813.168907
13610.676572,13058.666057
16045.9439861,15711.536195
13763.5861927,13080.017004
15488.4142225,15328.01962
16999.3700131,16958.494086
15755.8322678,15446.99749
13228.5619965,12342.631449
17181.0114204,17180.654583
