9601.14227067,8791.208791
8753.1704032,8440.064989
8492.25857507,8177.52667
10161.0298813,9434.407283
9575.715299,9385.044931
9900.2659888,9590.026373
11433.7075711,11337.868481
10096.2409236,9498.480243
9120.5699782,8719.916289
8998.44470667,8476.192494
9831.593962,9119.548997
7539.0143662,7457.879928
10009.0746214,9116.393555
8732.99453207,8328.285887
8081.52617473,7655.902004
9198.41674007,8749.254325
7421.66813613,7340.91895
10033.843375,9035.278656
9750.2676528,8953.64454
10889.8878352,10608.67259
11329.7953158,12028.989866
10758.9533221,10122.482033
10446.6425497,10531.858873
10680.1996482,10065.678553
9239.2550342,8726.349609
10729.6276011,10453.143783
9032.29193527,8355.440436
7356.5685716,7353.432716
8366.45335193,8210.349145
8377.0562872,7746.478873
10346.2350038,9674.220621
