10317.2862198,9029.5492
11303.2907748,10704.63243
10098.7850422,9010.429572
10216.2569763,9465.887309
11316.8949993,11052.471609
11288.3704733,10976.948408
11433.8639699,11393.090091
13261.8048725,12676.279512
9362.84759253,9005.689959
11910.2285827,11024.750565
11102.9051512,10574.457398
10410.8644872,9506.833036
10523.1274517,9782.103641
17147.5401839,17040.129505
10776.4936201,10396.901723
13079.8360511,12303.149606
10379.8815671,9259.902308
9749.22139627,8947.545017
10326.2079767,9482.04338
11199.9766682,10727.887143
11239.3825495,11285.407967
11214.6432172,10497.310064
11212.5111534,10788.068396
15360.0746623,15056.27282
10388.1651932,9167.373318
16643.2555759,16611.985548
6639.8947856,6414.555209
9904.1179312,9034.851941
9538.30256893,8936.550492
11651.5924937,10725.298297
7146.91072713,6982.575301
