17798.6708329,17641.351328
18181.2861069,18206.645426
18289.1287779,18585.633305
14216.8612646,13995.80126
15760.709691,15466.707911
15969.8552546,15446.99749
16032.7849072,15509.286185
15570.6970297,15016.706086
8475.2036918,8237.54072
15695.0433249,15275.337967
15693.7933917,15423.173318
15888.9142535,15508.684864
17769.6019025,17496.28204
17658.3500797,17233.208393
15211.9410295,14975.10389
15965.3752615,15548.472363
15822.6004229,15366.884364
15458.6565707,15232.872539
9909.3913714,9331.840239
9710.60460627,9212.556715
15421.274885,15098.32786
15247.8287556,15109.734446
15616.9343293,15232.872539
15378.3168613,15190.642564
15494.3143507,15242.159814
11847.2978665,11094.161697
16119.8006653,15520.720161
15383.4435815,15036.463424
18170.9307971,18214.936248
18009.3366229,17760.412042
15618.6955208,15148.64609
17643.0341696,17480.225495
