10115.1689249,9905.894007
9975.60168587,9435.074891
9937.34934767,9523.356031
9850.47873207,9307.737056
9714.88952527,9106.63874
9524.82217893,9033.219665
10127.1668859,9919.650828
9484.07452167,9058.791557
9543.976365,9146.620324
10036.3947845,9565.48772
10051.5459949,9537.43443
10111.6543776,9704.498035
9726.64878367,9154.365488
10230.7563159,10244.327204
10189.1401587,10092.599601
10120.824836,10006.253909
10009.8639346,9711.330695
10234.185007,10015.022534
10130.9488135,9570.064837
9606.47328647,9262.046449
9670.179969,9295.192062
9622.2860708,9281.603861
9459.13535107,9083.064626
9580.7213094,9095.250006
9516.40708233,9249.838128
9804.2081836,9255.831174
9879.45657333,9426.181218
9628.782535,9165.482792
10149.2505403,9512.032721
10178.4605602,9572.355039
9784.83524873,9217.226997
9929.66527087,9368.120287
10141.1627191,9595.777858
10134.4432558,9493.070059
9614.8972904,9154.155987
10209.3762486,9730.466089
9774.617341,9182.736455
