5834.86961113,5489.7068
5748.6159148,5503.026665
5762.65693287,5397.051247
5693.3573444,5489.569817
5736.47568633,5468.419875
5687.8985292,5377.526827
5701.96753027,5500.825124
5724.0505288,5459.869956
5831.44534987,5612.960837
5609.29323407,5364.676047
5732.03896393,5659.163987
5601.7358652,5456.349206
5687.3132244,5516.273005
5742.89506733,5592.698986
5637.4377426,5513.646275
5527.96160673,5393.611023
5586.46365973,5563.282337
5540.8852902,5397.845769
5574.70938807,5484.91648
5593.02813973,5541.980502
5627.8439696,5486.557933
5646.88714753,5634.235665
5547.93125193,5445.140212
5448.8442846,5380.551751
5492.77730987,5445.679348
5720.34770527,5724.247392
5583.6136556,5475.224609
5572.53820093,5448.781454
5710.51972007,5490.939949
5643.2170114,5544.494569
5441.03386873,5395.727565
5643.32938367,5514.337277
5792.87889493,5729.315868
