22.891130177
21.1955009825
20.7307659782
19.6753581833
18.0280588661
15.7188941676
23.0368957097
15.2238430527
15.9516020532
21.9340880144
22.1181629798
22.8484312672
18.1709243551
24.2954235921
23.7898209047
22.9598449277
21.6117596234
24.3370794193
23.0828430754
16.7108891564
17.4848738792
16.9030017106
14.9208522788
16.3980234407
15.6166575426
19.1132084024
20.0274155429
16.981928502
23.3051942688
23.6600724116
18.8778428956
20.6374106532
23.2069337756
23.1252977257
16.8132339983
24.0356730482
18.7537035719
