6441.45096107,6094.858156
6334.58675273,6078.355529
8589.28567993,8336.807003
10001.7602818,9938.135109
10341.643565,10149.965744
9102.7959564,8342.544893
9063.8598436,8614.276205
11030.0762859,10800.302408
8087.3260222,8005.822416
7137.49366233,6876.71918
8009.41073353,7651.90776
8524.78821933,8381.351493
8049.77097947,7904.286279
7908.18898753,7785.405903
7850.825764,7768.910234
6469.91412327,6293.986382
5931.40852507,5776.552448
6837.2964398,6801.248957
6605.72695393,6477.255999
7778.7187832,7727.703818
8825.23272367,8630.497038
9493.38355833,9154.784519
7108.3928366,7069.40874
8709.62902007,8680.74394
5826.7248836,5638.85685
9276.49731573,8879.919273
6240.33736093,5879.523224
7352.22079193,7124.813783
6752.61741133,6585.249042
6787.079191,6596.306069
5843.7672372,5534.312739
8933.00276953,8911.266068
9078.46979567,9188.87311
7961.0768984,7900.596136
9866.74278367,9083.889722
9702.26721827,9280.527134
