15400.4838984,15168.177164
11748.6373331,10992.937038
11086.4622,10200.438619
14809.5144975,14461.838823
12700.0983746,12330.456227
16567.1084283,15977.631316
13617.4827893,13104.013104
12112.2528897,11465.588901
13339.5160793,12972.692482
12767.6428847,12601.203415
14368.3722718,14418.0514
15460.8271564,15444.611761
11928.9784094,11171.624075
10847.4728611,10456.149523
16738.6656595,16896.886749
13381.3354527,13228.825611
17003.8106139,16896.886749
18100.4643717,18257.337167
9925.69510593,9150.177285
12150.4434871,12189.547463
14520.5041455,14398.329794
11255.9772575,11143.302875
13744.5362399,13658.403333
14046.5611817,13579.115321
13538.8279519,13264.798541
14140.4842627,13944.570333
11032.8191513,10108.668183
12345.9873327,11767.4747
