6.55832855363
15.9968275542
8.27285616959
24.1683461428
27.0004121945
14.7314841996
12.7205551996
25.6988750534
4.46042394988
5.58422577416
11.61386195
16.6500851031
18.4835292827
4.89705514701
4.08094609572
4.10159490373
4.92496948641
2.38539143157
4.98612450625
3.23448949171
22.7602270645
25.9403496728
15.2650046473
19.0978944355
5.34668023142
25.8683489245
6.03801802775
20.5875150391
3.20368961231
4.12824779073
7.7788129325
21.9689072847
23.4326280852
4.38018747083
21.094044964
30.8112069336
