26.0051040326
13.4807857606
16.9741568951
15.5043355392
31.4053776008
32.7264408256
33.8003572342
16.7993686565
14.5380933593
12.9221723344
13.0021732221
13.456057198
21.6179440024
16.4432483433
22.4938649997
36.218521127
32.5065699325
21.5427012603
21.8124416772
21.6744135374
21.199960527
22.2937977186
21.6688640521
16.7242139414
16.2540787699
33.3062134975
14.3479614569
15.8146229305
15.3423518117
14.7330184497
36.4482483001
15.8033086754
20.1693311426
19.9080686835
20.8989689681
33.1848647584
20.0924327971
16.903989825
15.9616486063
