8485.00346993,8228.913409
8502.329702,8087.046023
8422.74210973,8183.914887
8466.492664,8225.836605
8445.36889567,8118.380752
8349.59287793,8153.281696
8387.37944053,8248.35033
10107.4777971,9507.510934
8439.65788787,8206.811654
8421.34868907,8197.63759
8398.2279382,8247.11351
9376.99127173,8774.431307
8330.5679172,8128.279022
10324.7173822,9867.771857
8385.01588873,8216.926869
9169.1170526,8832.361774
8279.6567058,8119.87894
8384.87943013,8220.304151
10546.7829082,10511.730135
9112.58527767,8435.259384
8308.1015146,8146.337851
10370.9340459,10292.301359
10326.5447286,10284.699173
8166.01733507,8073.142673
8142.5674908,8116.284218
8246.4147268,8219.997011
9701.61269993,8928.209082
8267.65841653,8242.787561
8270.66238893,8215.699455
8262.13935627,8192.448052
8146.53158567,8113.590264
8464.60322233,8191.517683
10117.8391332,9795.998335
8131.1688252,8109.403222
8167.7063614,8085.2182
