15556.5901439,15293.442936
14010.33781,13056.960992
14441.6294103,13638.843426
14260.1652657,13424.170218
16223.3079186,15802.78129
16386.4063843,16248.933664
16518.9921041,16337.867091
14420.0500543,13663.53544
14140.8730061,13394.05304
13941.3713964,13273.161667
13951.248306,13233.202104
14007.2848217,13349.798084
15014.9513665,14966.13911
14376.0834405,13632.800518
15123.0925729,14997.562896
16817.5386183,17089.635136
16359.2611239,16702.158754
15005.6618976,14731.337237
15038.9640495,15203.922612
15021.9230953,14831.843969
14963.3471267,14660.606949
15098.3922663,14900.353883
15021.2379559,15003.188177
14410.7714532,13452.160753
14352.7285649,13573.125212
16457.9851184,16508.460586
14117.3993215,13213.094176
14298.473347,13364.070696
14240.1667547,13352.471876
14164.9384578,13318.682782
16845.9007351,17064.118425
14297.0764891,13378.821326
14836.1056229,13843.225472
14803.8501597,13617.484851
14926.1867088,13445.378151
16443.0034031,16551.495841
14826.6117531,13713.188659
14432.9665838,13313.806417
14316.6251369,13300.083126
