7829.26590293,6974.686680999999
8717.77888609,7397.13418
7818.40893463,6959.434020000001
8462.50759743,7052.7514200000005
7874.29192843,7222.389407
8099.49831963,7211.4598585
7617.98468669,6863.704352
9116.84901313,7647.002415499999
8741.88878259,7423.404382500001
7908.33882787,7240.8132430000005
8990.84047074,8239.469917499999
7922.00576854,7005.6844005
7715.65379798,7177.462767
16306.1287406,15176.234367000001
15624.9519006,14487.246738
16622.9794436,16159.657653
16836.0682702,16386.7585435
16418.0880644,15731.3443735
16444.0708174,15837.1972245
16752.0914025,16229.4921905
16995.5825658,16395.5193065
16442.9526409,15890.672576500001
17710.8195511,17924.112017
16694.1432113,15546.3763685
17425.865685,16857.010438999998
16948.4391388,16445.679433999998
16538.7765214,15871.447328499999
18936.2183517,19161.679461
