4972.72247418,4674.581513499999
4625.08551696,4486.478516
4751.31374141,4652.9216385
4897.47385898,4693.296252
4836.38667353,4448.645943
4775.25893354,4672.078555
4680.04160852,4621.7408995000005
5038.39432445,4704.7756075
5200.08065034,4731.493415000001
4949.35590293,4647.3840545
4836.41177239,4485.154549
4525.23617893,4356.486161
11084.5172313,11345.5208925
10642.7788982,12157.567874
10693.0086683,10716.121908000001
11127.2002509,10525.0439315
9876.73089143,9616.432187999999
9722.9450597,9120.37536
9926.00164167,9431.503018
10467.9581593,10231.5021865
10920.4726229,10477.570889499999
11754.737162,11787.775753
10819.3709399,10812.8892495
11268.0581742,12149.598803500001
10198.7131532,10675.924847
11432.4547653,11470.028632
11226.3419736,11394.469961499999
11612.0799242,11708.24515
10957.7928292,11088.510727500001
