15744.0128624,15108.593012
16142.9397262,15931.177314
15458.5834677,14922.589069
14004.3082141,13397.642015
14601.4843128,13859.053427
15184.7262952,14829.094684
15402.4177463,15107.451751
16538.2231368,15989.766549
17812.0543881,17644.464049
15098.9977173,14678.899083
15975.8168899,15702.284682
16116.5376608,16001.280102
16144.0652505,15847.860539
15908.7272684,16016.016016
14824.3923055,14535.411897
14635.719555,14513.788099
14642.9600383,14344.629729
14814.4577824,14649.868151
14485.9507561,13998.250219
16788.6821797,16637.550952
17261.0440995,17022.000936
14730.1263169,14143.771437
15958.1201511,15841.584158
15487.861599,14999.812502
13879.8902009,13313.806417
16031.1144524,16248.933664
15168.3919807,14342.058085
