10457.2997063,10521.608754
9883.2849818,9710.387687
9780.8671326,9606.567399
10338.0509917,9949.753744
10429.9498343,10191.082803
10568.1798172,10590.135289
10047.4171939,9784.735812
8217.345605,8061.753028
10529.9584073,10480.532411
10315.6794522,10046.212578
9815.06616433,9492.168961
9575.38465707,8830.376495
10197.7059953,10284.098213
9418.06019207,8446.270204
9357.94993347,9085.27772
8692.59854193,8396.305626
10137.9221544,9070.706154
8988.51145513,8312.551953
10213.6595596,10243.993295
10642.6096184,10505.029283
8394.26176453,8077.218206
9713.28892927,8886.016641
10179.7301294,9826.802604
10192.93722,9101.87271
10441.8795049,9481.593856
9323.4308588,8672.343109
8675.20308247,8158.421716
10337.8010786,10197.838058
10574.6487149,10537.685397
10869.4853858,10773.540185
9801.1401316,9521.315846
10009.2294509,8790.822381
10139.1883473,9944.559083
8989.45959167,8568.646543
10247.5675121,10096.67567
10728.3545994,10331.912695
10667.9634117,10316.989502
9962.60056067,9634.33326
10612.5260368,10421.823298
10447.5870723,9730.22939
10476.2911381,9937.147542
