24.4028040241
22.8958590127
19.7901669639
21.5097671799
26.6692960198
19.5360232689
20.2707349038
2.29485379061
21.1872299152
20.58070663
20.7413724238
13.117361572
24.1200827085
12.9263811998
15.288283029
6.26648584271
14.4493356785
10.0589133725
25.1213960505
21.4493851238
4.43221901634
11.7112010266
24.4161590002
18.8403546695
18.7251791344
7.56150044762
6.05382741402
26.070744861
26.5061456498
25.2389144579
21.3012392525
19.8853689176
23.9358067139
10.6395026667
20.3472403069
23.1587027827
29.402758512
22.9647069942
23.5019904201
21.2298337472
20.7224145902
