5090.55356627,4601.932812
5471.73015207,5415.118025
5487.24919707,5419.653635
4992.16523393,4583.142369
5473.47782013,5210.183541
5452.88619567,5458.379854
5353.59084733,5237.47173
5411.24562833,5187.945102
5409.40305427,5199.224843
5264.12560827,4876.643096
5032.5358872,4519.309778
5069.6661608,4616.094784
5349.00339767,5317.991733
5269.0266158,4752.441027
4994.3143966,4729.758782
5430.56653487,5370.56928
5026.94230147,4514.950643
5069.94399947,4613.126442
5227.865821,4868.118251
5053.26535833,4804.857274
5349.99581847,5045.832983
5257.87709987,4886.825563
5233.08516093,4731.386296
5082.28865773,4583.333333
5194.692304,4613.900424
5533.04296387,5285.539245
5378.86899967,5237.845817
5494.67288313,5297.758085
5218.6896198,4790.314854
5149.4150722,4602.221618
5266.39221947,4651.654509
5405.0370038,4942.598459
