8663.0387072,8660.735375
8372.14019393,8273.475988
7870.24353033,7629.88139
7997.19314373,7717.132033
8858.36057913,8884.222429
7907.51569647,7791.747831
8503.49957047,8513.931889
8029.21144267,7833.641931
7905.67392633,7801.41844
8389.01601813,8270.987631
8533.5579408,8412.03686
7854.2444518,7751.391727
7791.48822707,7763.701168
7895.71611193,7801.141803
8512.15367933,8459.260968
8395.06959947,8475.229216
8427.14330953,8350.096785
7856.04514307,7748.115799
7727.59282,7750.845547
7701.669475,7538.377193
7803.5291256,7805.016497
8711.01275307,8568.646543
7833.06206507,7781.825899
8562.0291738,8450.81243
7753.38212633,7580.456206
7743.4450462,7640.480656
8655.77113947,8539.70965
7954.7079052,7778.524202
7806.41942647,7658.567152
7939.51660133,7778.249187
